"","CT4","CT5","CT6","CT7","CT8","CT9","CT10","CT11","CT12","CT13","CT14","CT15","CT16","CT17","CT18","CT19","CT20","CT21","CT22"
"1",0,0,0,0,0,0,0,0,0,0,0,0,0,0,0,0,0,0,0
"2",24.3310176334387,19.2394002983845,16.7513647850359,15.3404746192582,15.8155207308572,32.13800382379,28.9127144012253,26.0634812196795,24.1901189718114,22.0012034929688,20.3895195580723,18.9350927681528,17.8023595691711,16.5322681682695,15.5150747588639,14.7858249230918,13.6404202388408,12.3302089606281,10.8820284309771
"3",49.2338099325568,37.334177014708,32.2759544048446,27.5352014010968,25.0042472797549,59.6567782441146,55.2598175220297,50.9495651048624,48.3799239608283,44.0166346760981,40.8120576880361,37.9302375071101,35.6989980839302,33.2617162302733,31.3671848598123,30.067689592124,28.168027838688,26.2303753248095,24.4544093825407
"4",80,58.1279790203065,45.5456270658565,41.4080286154368,39.8337924452777,83.690311386975,76.5639124774033,69.3697962017921,63.8156318835784,60.1609548495378,57.6502227234873,55.2161605816188,53.5243700197723,50.0768090256744,47.4014846072126,45.4774695861425,42.623831975777,39.7469502259976,37.0979078113875
"5",NA,80,63.1916708730009,55.5110710257758,49.9828572304332,107.434214670671,98.8469022402064,89.8373236666691,83.1215056292808,77.5468214694622,73.1888931414856,68.5079363598138,63.9879192906877,60.8695613217044,58.9650361252592,58.3861756665639,56.6059150900201,53.4951948674402,50.6712235579554
"6",NA,NA,80,68.2473555908142,66.1257053493032,136.685304358677,118.850738641943,109.33680403885,102.425196093366,95.5385041003011,90.2596976490971,84.765372020551,79.6649060905405,75.1093008176729,71.5432309525278,68.9210487515084,64.2482742086274,61.1149793172362,58.5509733107006
"7",NA,NA,NA,80,80,167.521278444316,147.152356254177,132.28210122808,118.647207841072,112.317271690943,107.324168685646,101.020677749785,95.3145898482604,90.1086914962992,86.0432873898168,83.0966054332162,77.973492081546,73.4064601579073,69.0596580112936
"8",NA,NA,NA,NA,80,200.736160741147,173.912300484152,157.844669975652,142.411632375005,131.030393381136,120.614629800698,115.855106861947,110.982602077071,105.114600181166,100.52252347022,97.2312233323062,91.5786634227069,86.4810349252476,81.6857683694872
"9",NA,NA,NA,NA,NA,240,205.226967189155,180.236018288012,166.182394472543,152.714074315256,140.759226600566,131.435592422317,122.378774832384,118.525459742075,115.059758141869,111.382545136524,105.18516971008,99.5419185688063,94.253683653947
"10",NA,NA,NA,NA,NA,NA,240,209.300668887244,184.172521986465,173.431876329887,160.921937064339,150.257150251634,140.092424464375,131.766828962081,124.873975356048,123.817028477683,118.894932954131,112.641760873201,106.817681891454
"11",NA,NA,NA,NA,NA,NA,NA,240,212.086246789135,190.860608686927,178.62665280345,169.117544296382,157.852113437288,148.49326878213,140.501422739892,135.452874340221,127.546099435411,123.900110154612,119.578951140395
"12",NA,NA,NA,NA,NA,NA,NA,NA,240,215.477807815337,195.868932611242,183.190420218412,175.787747590715,165.174049657965,156.295363961666,150.809426433418,141.614216202048,133.640703149903,126.93425882946
"13",NA,NA,NA,NA,NA,NA,NA,NA,NA,240,218.088892630737,200.415858896853,185.982671182394,180.787159807533,172.216308396152,165.978061772433,156.065999688094,147.505693708213,139.255699159622
"14",NA,NA,NA,NA,NA,NA,NA,NA,NA,NA,240,220.593849262912,203.889501214707,190.539691560199,185.207340844661,181.530967888997,170.399032374791,161.04603398354,152.339429347195
"15",NA,NA,NA,NA,NA,NA,NA,NA,NA,NA,NA,240,222.616426919025,207.564971035211,195.176671967082,191.399951363881,185.369343469393,174.676949071966,165.191943110468
"16",NA,NA,NA,NA,NA,NA,NA,NA,NA,NA,NA,NA,240,225.139878441174,211.453597485023,203.116923700769,191.694924571377,187.660793440888,178.336358507513
"17",NA,NA,NA,NA,NA,NA,NA,NA,NA,NA,NA,NA,NA,240,229.116280962914,218.096625318887,205.503337117433,193.215338520239,189.16370955416
"18",NA,NA,NA,NA,NA,NA,NA,NA,NA,NA,NA,NA,NA,NA,240,240,218.875965408166,207.903818468338,194.349320800721
"19",NA,NA,NA,NA,NA,NA,NA,NA,NA,NA,NA,NA,NA,NA,NA,240,240,219.578868780466,209.841250486103
"20",NA,NA,NA,NA,NA,NA,NA,NA,NA,NA,NA,NA,NA,NA,NA,NA,240,240,220.075283967062
"21",NA,NA,NA,NA,NA,NA,NA,NA,NA,NA,NA,NA,NA,NA,NA,NA,NA,240,240
"22",NA,NA,NA,NA,NA,NA,NA,NA,NA,NA,NA,NA,NA,NA,NA,NA,NA,NA,240
"23",NA,NA,NA,NA,NA,NA,NA,NA,NA,NA,NA,NA,NA,NA,NA,NA,NA,NA,NA
"24",NA,NA,NA,NA,NA,NA,NA,NA,NA,NA,NA,NA,NA,NA,NA,NA,NA,NA,NA
"25",NA,NA,NA,NA,NA,NA,NA,NA,NA,NA,NA,NA,NA,NA,NA,NA,NA,NA,NA
