"","CT4_80","CT5_80","CT6_80","CT7_80","CT8_80","CT9_80","CT10_80","CT11_80","CT12_80","CT13_80","CT14_80","CT15_80","CT16_80","CT17_80","CT18_80","CT19_80","CT20_80","CT21_80","CT22_80","CT23_80","CT24_80","CT25_80"
"1",0,0,0,0,0,0,0,0,0,0,0,0,0,0,0,0,0,0,0,0,0,0
"2",24.3310176334387,19.2394002983845,16.7513647850359,15.3404746192582,15.8155207308572,12.9038936440027,0,0,0,0,0,0,0,0,0,0,0,-4.44089209850063e-16,0,0,0,0
"3",49.2338099325568,37.334177014708,32.2759544048446,27.5352014010968,25.0042472797549,20.9541272700546,13.8860696206847,14.0427873726625,14.5691582612653,15.1037983675387,15.0247038468661,17.7000056348722,10.5331584116822,0,0,0,0,0,0,0,0,0
"4",80,58.1279790203065,45.5456270658565,41.4080286154368,39.8337924452777,33.4224975180813,24.1540770968959,20.4005710834231,17.2602739915838,17.2010554263697,15.5147426107103,11.0511571035442,17.0418237618678,19.1582335533756,17.0083613152441,15.7485250187465,14.9485387591244,14.8556611627666,18.6209391595074,11.9047101874022,0,0
"5",NA,80,63.1916708730009,55.5110710257758,49.9828572304332,44.8547653951473,37.0738259616028,32.2675135947469,28.2875845407069,27.022034571738,23.7966621357971,20.6473407876501,17.7638999471306,10.0537341810938,12.8008882670063,14.1330540836324,14.9723531693975,14.8261435516885,18.6094188353151,17.4257457055698,20.0441791344897,18.2912110273634
"6",NA,NA,80,68.2473555908142,66.1257053493032,55.0417122050042,44.4681372334701,41.9354960195554,38.9573857424645,36.9712491261258,32.6313379823285,29.2862143986456,26.4974172645575,21.0605694299671,20.4377391953356,17.9939373090622,16.1701634695744,15.3972943794394,5.8019638078309,14.9208925118823,19.974474050918,18.754113836599
"7",NA,NA,NA,80,80,67.5798799662099,57.5826548225908,48.7607987727443,44.1124243022338,45.5179100467905,42.1056006757189,37.439364472877,33.5796412986041,28.8598445468583,28.0420967519671,25.9759708453252,23.841436831593,22.1140185877455,19.1430859684969,18.8084239945219,7.2793784948482,8.02529134591414
"8",NA,NA,NA,NA,80,80,66.8512154934109,62.1479004149499,52.8366614016996,49.8222956940554,45.8096349017481,44.8664489195158,41.9345516722038,36.2713399937067,34.7554523532993,31.7974565952819,29.5490890963456,27.6152506932923,26.4129555394109,25.2280539914385,20.2043160923877,18.8926649307263
"9",NA,NA,NA,NA,NA,80,80,66.3981959850948,64.8463642171747,62.0669117663283,53.2866429575577,46.7129680672676,44.8230990471165,43.1885618325011,42.8831889262105,39.1094554071002,35.7521964096467,33.6570877532661,31.5777244836609,30.0986493504173,26.7375266866881,24.9881399497069
"10",NA,NA,NA,NA,NA,NA,80,80,66.4960936627305,67.7581100020041,68.9941380028463,57.5759249541086,49.8478989425658,43.9520796091428,48.5935588297986,44.3034919781758,42.850520227793,39.5345485574978,37.36960506146,35.7614344506661,31.8187632693278,30.0890837757618
"11",NA,NA,NA,NA,NA,NA,NA,80,80,80,60.6942190826415,70.5834200672334,59.7725170867595,54.6852947734815,55.8660230680318,46.8311884525395,43.7287406980078,45.8934561286288,43.8592075317922,41.3948856863984,36.8898697955282,38.0743030310527
"12",NA,NA,NA,NA,NA,NA,NA,NA,80,80,80,58.8830224697093,71.9217330316859,66.5787754242645,68.1145496041429,56.9158839786395,49.5079907360748,43.5730289165297,48.6104323034403,48.317383651444,43.1628022255288,46.3532358336454
"13",NA,NA,NA,NA,NA,NA,NA,NA,NA,80,80,80,58.0285661556863,73.979024780318,68.1293817791625,67.7175416210544,58.5031060931724,51.5779454560926,44.7771279701754,42.9895179478083,45.1492010783786,52.3083962741373
"14",NA,NA,NA,NA,NA,NA,NA,NA,NA,NA,80,80,80,50.707532141359,43.1685003111388,70.2656065968762,69.6697057367516,59.1216084785602,55.8721616271999,52.1831511444444,44.8071556215538,31.125842663398
"15",NA,NA,NA,NA,NA,NA,NA,NA,NA,NA,NA,80,80,80,80,47.9005297317771,70.4705762243712,68.8378186442408,67.77454269491,59.0185751725639,53.224925034636,56.8379995736762
"16",NA,NA,NA,NA,NA,NA,NA,NA,NA,NA,NA,NA,80,80,80,80,47.6423382759013,72.5848938909613,67.7683339938158,69.5794199630981,58.5712199074181,54.3227598803688
"17",NA,NA,NA,NA,NA,NA,NA,NA,NA,NA,NA,NA,NA,80,80,80,80,52.9652570919514,80,69.5641852591535,69.8399720301651,68.4864048157003
"18",NA,NA,NA,NA,NA,NA,NA,NA,NA,NA,NA,NA,NA,NA,80,80,80,80,50.6418502337564,53.864377594286,69.8345039985254,70.8768276931003
"19",NA,NA,NA,NA,NA,NA,NA,NA,NA,NA,NA,NA,NA,NA,NA,80,80,80,80,80,53.7803952799781,66.0889784252088
"20",NA,NA,NA,NA,NA,NA,NA,NA,NA,NA,NA,NA,NA,NA,NA,NA,80,80,80,80,80,36.2573716318666
"21",NA,NA,NA,NA,NA,NA,NA,NA,NA,NA,NA,NA,NA,NA,NA,NA,NA,80,80,80,80,80
"22",NA,NA,NA,NA,NA,NA,NA,NA,NA,NA,NA,NA,NA,NA,NA,NA,NA,NA,80,80,80,80
"23",NA,NA,NA,NA,NA,NA,NA,NA,NA,NA,NA,NA,NA,NA,NA,NA,NA,NA,NA,80,80,80
"24",NA,NA,NA,NA,NA,NA,NA,NA,NA,NA,NA,NA,NA,NA,NA,NA,NA,NA,NA,NA,80,80
"25",NA,NA,NA,NA,NA,NA,NA,NA,NA,NA,NA,NA,NA,NA,NA,NA,NA,NA,NA,NA,NA,80
