"","CT4_200","CT5_200","CT6_200","CT7_200","CT8_200","CT9_200","CT10_200","CT11_200","CT12_200","CT13_200","CT14_200","CT15_200","CT16_200","CT17_200","CT18_200","CT19_200","CT20_200","CT21_200","CT22_200","CT23_200","CT24_200","CT25_200"
"1",0,0,0,0,0,0,0,0,0,0,0,0,0,0,0,0,0,0,0,0,0,0
"2",47.6076253700395,49.3286299302045,41.8683658639808,109.097429164214,128.156384977304,79.614859548261,92.8642627075959,21.9879674964414,0,0,0,0,0,0,0,0,0,0,0,0,0,0
"3",94.7765341655804,88.1802828408773,73.7446921264192,25.3600019697272,21.913385479893,22.0727238046079,21.4961234112623,82.8933441414286,127.707973837564,96.9025862084395,109.401213990878,68.4569245635685,80.513737649439,93.3321322039001,0,0,0,0,0,0,0,0
"4",157.304227090477,137.580037432454,105.797786757296,134.474763538543,150.07122141182,97.6578364637856,39.7789442218417,35.6732523479693,16.4720249109223,17.9926219352257,36.4857216558706,116.19618441858,127.34309174856,138.497594621085,95.9504589117927,103.822515699075,97.7281089963255,92.7909380111016,99.847981966389,105.457671223875,37.8721130528492,24.3680409930766
"5",NA,200,147.57173145894,167.807636261148,44.4520246383048,118.057292589418,108.581955362074,98.3517515164002,56.9761585029752,34.1787389203631,50.6711006587353,28.5006050783567,27.0458305390558,14.0302521938476,18.6277325723077,19.7228544467297,110.077632151113,129.266317006879,134.492943933849,128.530989512079,90.042256453046,87.2637127277321
"6",NA,NA,200,49.860329418039,172.608830436063,40.2390014769594,56.2723600520966,163.226858305258,141.555383293126,71.4248534465316,85.2758460230023,13.246855862086,12.4719278607167,42.5420608636448,30.6211337592715,28.9268633130936,12.7768297842466,13.7708233638019,25.2429969322816,26.1027040234198,101.29648613861,124.918681795829
"7",NA,NA,NA,200,71.84264244982,141.583180331471,125.076300653381,50.192637883756,31.11464687119,107.307812331876,158.122445659002,78.3268217872463,89.4817223959719,56.7908598785887,60.0664067717099,69.7355526079311,38.5620029721439,25.071667022317,47.1451966314066,11.8428772879248,10.5324841278822,51.909173696762
"8",NA,NA,NA,NA,200,167.408061566295,147.232482153084,112.868089144325,71.6178115161902,47.1815957652477,9.93775622880587,92.0553306223043,168.335808966466,116.701755010264,104.218515866068,42.4447282704339,51.6896928486305,49.2600836861948,35.0527907254562,32.5992018745153,21.792523107133,29.4578230746075
"9",NA,NA,NA,NA,NA,200,171.565126139577,130.543871150733,93.4420591155037,123.995130045297,62.3456207512968,39.309786074639,36.8813526535051,174.868395274264,148.475138659209,83.3041182108386,116.953288465364,73.8996963848456,69.9748119340759,65.8212452579017,41.4136661281512,69.490712859723
"10",NA,NA,NA,NA,NA,NA,200,175.527483499318,150.454417197978,142.755181211816,115.317977582386,123.073184720406,52.5800947503102,22.0925496903075,39.6855526401845,150.406842923424,156.409756271862,98.2359601887419,140.693347167498,87.8061835067974,115.290374839124,40.3285952169349
"11",NA,NA,NA,NA,NA,NA,NA,200,175.229781002263,157.135604082773,130.490241805805,140.222820215794,99.4655327000214,66.1128038476695,69.3717324467362,50.4827815390825,20.081108322787,144.876276127937,160.951271035177,109.547971361378,135.847084887774,129.828996807621
"12",NA,NA,NA,NA,NA,NA,NA,NA,200,178.750831390429,163.335714880167,152.144442965727,131.438175537798,95.9861532039421,113.517702104295,104.970232556653,59.2706943605011,31.3347139124156,7.84015899834809,161.725355377368,156.781558104819,147.942777867562
"13",NA,NA,NA,NA,NA,NA,NA,NA,NA,200,181.773013778429,166.095651419578,138.266719097694,140.465466475405,127.890592161616,119.077838895497,71.9506739175395,55.9308080677944,52.6913682453491,39.370393539085,47.5629637056552,177.236668449233
"14",NA,NA,NA,NA,NA,NA,NA,NA,NA,NA,200,184.417431059129,171.18943766876,147.097271339447,155.421307951017,132.68468085072,124.947286866024,105.563764494014,76.8958834846298,47.7303155995866,56.3675415612067,6.79931047319392
"15",NA,NA,NA,NA,NA,NA,NA,NA,NA,NA,NA,200,186.829030251955,178.612086335929,163.341002897106,155.734303339003,136.833972075282,129.03426593003,99.4696502669572,70.9686549733381,67.8656272021001,53.4677873864563
"16",NA,NA,NA,NA,NA,NA,NA,NA,NA,NA,NA,NA,200,200,178.484057378104,166.125153747197,156.952028742089,153.335863842523,111.770457049036,125.252304818515,97.8693242350785,83.2298509327909
"17",NA,NA,NA,NA,NA,NA,NA,NA,NA,NA,NA,NA,NA,200,200,179.533910413107,167.484746082801,157.4843624539,143.171323286452,139.055414143176,119.736939023191,93.855717880829
"18",NA,NA,NA,NA,NA,NA,NA,NA,NA,NA,NA,NA,NA,NA,200,200,180.545647427801,170.97708095038,163.186947243075,141.120925736123,140.659182161824,104.648552397927
"19",NA,NA,NA,NA,NA,NA,NA,NA,NA,NA,NA,NA,NA,NA,NA,200,200,181.098104954438,169.760991701775,163.473016412219,159.041881879357,132.417945265252
"20",NA,NA,NA,NA,NA,NA,NA,NA,NA,NA,NA,NA,NA,NA,NA,NA,200,200,182.972143697198,172.545204010823,159.04931338895,150.355517903648
"21",NA,NA,NA,NA,NA,NA,NA,NA,NA,NA,NA,NA,NA,NA,NA,NA,NA,200,200,183.435848143054,176.210644335056,150.367042392412
"22",NA,NA,NA,NA,NA,NA,NA,NA,NA,NA,NA,NA,NA,NA,NA,NA,NA,NA,200,200,183.06361690474,177.61594925854
"23",NA,NA,NA,NA,NA,NA,NA,NA,NA,NA,NA,NA,NA,NA,NA,NA,NA,NA,NA,200,200,184.132923185352
"24",NA,NA,NA,NA,NA,NA,NA,NA,NA,NA,NA,NA,NA,NA,NA,NA,NA,NA,NA,NA,200,200
"25",NA,NA,NA,NA,NA,NA,NA,NA,NA,NA,NA,NA,NA,NA,NA,NA,NA,NA,NA,NA,NA,200
