"","Corral_Time_9.par","Corral_Time_9_160.par","Corral_Time_9_200.par","Corral_Time_9_220.par","Corral_Time_9_240.par"
"1",0,0,0,0,0
"2",0.161298670550034,0.161188013296111,0.157782691946427,0.135334078624409,0.133908349265791
"3",0.261926590875682,0.28797453651843,0.292051882376687,0.248126904975795,0.248569909350477
"4",0.417781218976016,0.411677409073353,0.410249394445971,0.350104876855384,0.348709630779062
"5",0.560684567439341,0.53236901839475,0.526907461215845,0.450459915038795,0.447642561127798
"6",0.688021402562553,0.673968560561462,0.670168880147662,0.572353158967667,0.569522101494488
"7",0.844748499577623,0.827158997711929,0.821467591743721,0.701892763506068,0.698005326851318
"8",1,1,1,0.836346682274984,0.836400669754778
"9",1,1,1,1,1
